
0.00    1249.197649730909               52.65929321003832
0.54    1738.2503512857534              59.86330295296488
1.07    2566.4009977200567              56.01050666576882
1.61    3151.4517597381227              54.401919518228716
2.14    3869.2621965873495              55.44671250377082
2.68    4362.047034745262               53.05038467482881
3.21    4828.977672878163               56.15664564289504
3.75    5327.236407357971               53.77759299760972
4.29    5737.7435501051         		50.64662604884679
4.82    6212.484993997606               51.89697802890663
5.36    6669.404364138659               53.13466049864242
5.89    6956.837276812714               48.479368725387644
