0.01    9584.904295621192               33.517047078051114
0.54    9347.209253836883               30.40633533925026
1.07    9214.043697967785               33.86705391703313
1.61    9190.799211776139               32.16061269640423
2.14    9134.37715948355                31.41638177795622
2.68    9098.346498922816               32.2261313759966
3.21    9119.825510064975               35.514586295880456
3.75    9233.659789603633               32.95411406075767
4.29    9300.342844704053               35.373639574779375
4.82    9357.891301983249               34.50716585073696
5.36    9492.433567446245               36.043126158789775
5.89    9584.086799276682               35.152660647659154
