
0.00    16886.91633836998               41.44670805447066
0.54    16073.586679199672              35.922578549758434
1.07    15348.931703518092              40.128498836919604
1.61    14759.4084302945                43.59575070692008
2.14    14441.430881509938              41.72553187273961
2.68    14105.581419319375              43.529321745547726
3.21    13638.993721554838              42.51187341092617
3.75    13465.615562343699              40.436278326022105
4.29    13186.154927987922              48.98818402521755
4.82    13106.192921630478              46.058255622294695
5.36    12711.78303640791               42.6677037958255
5.89    12580.535181963614              41.26767927698827
